ESTEP

Input:
X: [[2. 4. 5. ... 4. 2. 4.]
 [1. 3. 4. ... 3. 0. 3.]
 [3. 5. 0. ... 3. 4. 0.]
 ...
 [5. 3. 0. ... 3. 5. 4.]
 [2. 3. 0. ... 5. 0. 0.]
 [3. 0. 0. ... 3. 0. 3.]]
K: 2
Mu: [[-0.80579745  0.67588981 -0.80780318  0.95291893 -0.0626976   0.95352218
   0.20969104  0.47852716 -0.92162442 -0.43438607 -0.75960688 -0.4077196
  -0.76254456 -0.36403364 -0.17147401 -0.87170501  0.38494424  0.13320291
  -0.46922102  0.04649611 -0.81211898  0.15189299  0.8585924  -0.3628621
   0.33482076 -0.73640428  0.43265441 -0.42118781 -0.63361728  0.17302587
  -0.95978491  0.65788006 -0.99060905  0.35563307 -0.45998405  0.47038804]
 [ 0.92437709 -0.50249371  0.15231467  0.18408386  0.14450381 -0.55383673
   0.90549802 -0.10574924  0.69281734  0.39895855 -0.4051261   0.62759564
  -0.20698852  0.76220639  0.16254575  0.76347072  0.38506318  0.45050856
   0.00264876  0.91216727  0.2879804  -0.1522899   0.21278643 -0.9616136
  -0.39685037  0.32034707 -0.41984479  0.23603086 -0.1424626  -0.72905187
  -0.40343535  0.13992982  0.18174552  0.1486505   0.30640164  0.30420654]]
Var: [11.52196427 10.0528577 ]
P: [0.4857973 0.5142027]
Output:
post:[[0.0441317  0.9558683 ]
 [0.26962778 0.73037222]
 [0.29128341 0.70871659]
 [0.13230341 0.86769659]
 [0.18954646 0.81045354]
 [0.13768804 0.86231196]
 [0.22805534 0.77194466]
 [0.22313851 0.77686149]
 [0.11155063 0.88844937]
 [0.12800874 0.87199126]
 [0.04440337 0.95559663]
 [0.30379257 0.69620743]
 [0.2527763  0.7472237 ]
 [0.2818586  0.7181414 ]
 [0.31792725 0.68207275]
 [0.26956845 0.73043155]
 [0.10092428 0.89907572]
 [0.20168715 0.79831285]
 [0.23715269 0.76284731]
 [0.12151621 0.87848379]
 [0.23212592 0.76787408]
 [0.15141622 0.84858378]
 [0.0433987  0.9566013 ]
 [0.11017693 0.88982307]
 [0.10948151 0.89051849]
 [0.05572526 0.94427474]
 [0.19283525 0.80716475]
 [0.1603763  0.8396237 ]
 [0.15684477 0.84315523]
 [0.03902817 0.96097183]
 [0.17248505 0.82751495]
 [0.1852236  0.8147764 ]
 [0.08303853 0.91696147]]
LL:-2347.129589
Test: output0
Output:
Input:
X: [[0.85794562 0.84725174]
 [0.6235637  0.38438171]
 [0.29753461 0.05671298]
 [0.27265629 0.47766512]
 [0.81216873 0.47997717]
 [0.3927848  0.83607876]
 [0.33739616 0.64817187]
 [0.36824154 0.95715516]
 [0.14035078 0.87008726]
 [0.47360805 0.80091075]
 [0.52047748 0.67887953]
 [0.72063265 0.58201979]
 [0.53737323 0.75861562]
 [0.10590761 0.47360042]
 [0.18633234 0.73691818]]
K: 6
Mu: [[0.6235637  0.38438171]
 [0.3927848  0.83607876]
 [0.81216873 0.47997717]
 [0.14035078 0.87008726]
 [0.36824154 0.95715516]
 [0.10590761 0.47360042]]
Var: [0.10038354 0.07227467 0.13240693 0.12411825 0.10497521 0.12220856]
P: [0.1680912  0.15835331 0.21384187 0.14223565 0.14295074 0.17452722]
Output:
post:[[0.17354324 0.19408461 0.38136556 0.0569083  0.16250611 0.03159219]
 [0.39379907 0.08689908 0.32081103 0.04067548 0.04920547 0.10860986]
 [0.35788286 0.01907566 0.18709725 0.04472511 0.01732312 0.37389601]
 [0.19268431 0.18091751 0.11938917 0.12743323 0.09677628 0.28279951]
 [0.36304946 0.07311615 0.43750366 0.02729566 0.04877955 0.05025552]
 [0.07858663 0.37039817 0.08705556 0.14917384 0.21407078 0.10071502]
 [0.13662023 0.29150288 0.10750309 0.13944117 0.14926196 0.17567066]
 [0.04532867 0.37841271 0.06233585 0.17307275 0.2613835  0.07946652]
 [0.03479877 0.30116079 0.03560306 0.24675099 0.22083886 0.16084754]
 [0.1084787  0.35703165 0.12209296 0.12356811 0.19771701 0.09111156]
 [0.18151437 0.29042408 0.1775779  0.09728296 0.14845737 0.10474333]
 [0.30076285 0.15240546 0.34401968 0.04831719 0.08817504 0.06631978]
 [0.14424702 0.32662602 0.16265301 0.10373169 0.17686354 0.08587872]
 [0.12020157 0.14175102 0.06966009 0.17178204 0.09140514 0.40520014]
 [0.06707408 0.29382796 0.05528713 0.20393925 0.17797873 0.20189285]]
LL:-5.592899
Test: output1
Output:
Input:
X: [[0.09154788 0.32180079 0.81465545]
 [0.04803499 0.08095752 0.74446932]
 [0.63733701 0.31158794 0.27519766]
 [0.36980727 0.23578134 0.89708408]
 [0.73840311 0.71023384 0.51168734]
 [0.43057692 0.55921802 0.72029456]
 [0.08590407 0.67769142 0.76134892]
 [0.51855645 0.25164384 0.65926524]
 [0.46225679 0.9171349  0.20115098]
 [0.1996307  0.79360759 0.33764056]
 [0.59833958 0.52292047 0.52443838]
 [0.299257   0.30821879 0.00889208]
 [0.84516233 0.73607158 0.40443838]
 [0.97499059 0.12491396 0.25993539]
 [0.52764445 0.36678846 0.26616615]
 [0.85688283 0.60835688 0.26566906]]
K: 3
Mu: [[0.63733701 0.31158794 0.27519766]
 [0.51855645 0.25164384 0.65926524]
 [0.09154788 0.32180079 0.81465545]]
Var: [0.09803193 0.09501632 0.16310237]
P: [0.37194105 0.29873692 0.32932203]
Output:
post:[[0.06710337 0.3745079  0.55838873]
 [0.07063649 0.36301205 0.56635146]
 [0.70388992 0.248375   0.04773507]
 [0.0975843  0.57820075 0.32421495]
 [0.56247442 0.3411458  0.09637977]
 [0.22942725 0.51613633 0.25443642]
 [0.07564246 0.27005435 0.65430319]
 [0.28934586 0.56563625 0.14501789]
 [0.6978313  0.14527416 0.15689454]
 [0.41182622 0.22254924 0.36562454]
 [0.47729684 0.41646866 0.1062345 ]
 [0.76602176 0.13671064 0.0972676 ]
 [0.70201146 0.23703508 0.06095346]
 [0.78941912 0.18856739 0.02201349]
 [0.67830574 0.25499849 0.06669577]
 [0.79892189 0.16721986 0.03385825]]
LL:-10.838924
Test: output2
Output:
Input:
X: [[0.13532768 0.91860749]
 [0.50354273 0.87675895]
 [0.67349753 0.16482747]
 [0.14100374 0.75058536]
 [0.1647408  0.02170355]
 [0.47949883 0.79087671]
 [0.07760496 0.38312994]
 [0.09570411 0.59319434]
 [0.30754342 0.9019265 ]
 [0.66292188 0.09674059]
 [0.43429722 0.3371108 ]
 [0.28926045 0.09999121]
 [0.85361318 0.66004063]
 [0.16171569 0.8494976 ]
 [0.8542444  0.59557033]
 [0.65412571 0.64162138]
 [0.07376715 0.12839978]
 [0.1396981  0.55653628]]
K: 4
Mu: [[0.85361318 0.66004063]
 [0.43429722 0.3371108 ]
 [0.50354273 0.87675895]
 [0.8542444  0.59557033]]
Var: [0.20654401 0.09969739 0.15308598 0.19992324]
P: [0.23127078 0.27822752 0.23294097 0.25756073]
Output:
post:[[0.14810786 0.17730755 0.52684955 0.14773504]
 [0.2021817  0.17211902 0.41415473 0.21154455]
 [0.16876914 0.53279947 0.07807496 0.22035643]
 [0.13544803 0.32445749 0.39669674 0.14339775]
 [0.08391063 0.74608298 0.06087359 0.1091328 ]
 [0.18874429 0.2424959  0.36554207 0.20321774]
 [0.09373028 0.63165616 0.16436973 0.11024384]
 [0.11531216 0.47266855 0.28424729 0.127772  ]
 [0.16779819 0.18474615 0.47600597 0.17144968]
 [0.16369894 0.55308357 0.06607052 0.21714697]
 [0.12251527 0.60157217 0.12473681 0.15117575]
 [0.09206089 0.71945695 0.0693251  0.11915706]
 [0.28316602 0.173202   0.22120277 0.32242921]
 [0.14615492 0.2337735  0.47016957 0.14990201]
 [0.27659826 0.20569157 0.19624951 0.32146066]
 [0.21478274 0.2907929  0.24934805 0.24507631]
 [0.0812648  0.73292076 0.08379862 0.10201583]
 [0.11344006 0.50649804 0.25225381 0.12780809]]
LL:-14.312624
Test: output3
Output:
Input:
X: [[0.85794562 0.84725174]
 [0.6235637  0.38438171]
 [0.29753461 0.05671298]
 [0.         0.47766512]
 [0.         0.        ]
 [0.3927848  0.        ]
 [0.         0.64817187]
 [0.36824154 0.        ]
 [0.         0.87008726]
 [0.47360805 0.        ]
 [0.         0.        ]
 [0.         0.        ]
 [0.53737323 0.75861562]
 [0.10590761 0.        ]
 [0.18633234 0.        ]]
K: 6
Mu: [[0.6235637  0.38438171]
 [0.3927848  0.        ]
 [0.         0.        ]
 [0.         0.87008726]
 [0.36824154 0.        ]
 [0.10590761 0.        ]]
Var: [0.16865269 0.14023295 0.1637321  0.3077471  0.13718238 0.14220473]
P: [0.1680912  0.15835331 0.21384187 0.14223565 0.14295074 0.17452722]
Output:
post:[[0.65087662 0.05857439 0.02234959 0.20258382 0.0460844  0.01953118]
 [0.36462427 0.20175055 0.09281546 0.06127579 0.17543624 0.1040977 ]
 [0.10995174 0.22464491 0.20513252 0.02839796 0.21019956 0.22167331]
 [0.27996042 0.13156734 0.18479023 0.14012134 0.11793063 0.14563005]
 [0.1680912  0.15835331 0.21384187 0.14223565 0.14295074 0.17452722]
 [0.17188253 0.2079498  0.16224482 0.0981313  0.18938262 0.17040893]
 [0.33305679 0.09456056 0.14652199 0.23671559 0.08347925 0.10566582]
 [0.1634873  0.20447446 0.16926051 0.09967819 0.18702813 0.1760714 ]
 [0.34047752 0.04761128 0.08765585 0.42923507 0.04092387 0.0540964 ]
 [0.20164864 0.21756366 0.14029582 0.09378665 0.19519249 0.15151274]
 [0.1680912  0.15835331 0.21384187 0.14223565 0.14295074 0.17452722]
 [0.1680912  0.15835331 0.21384187 0.14223565 0.14295074 0.17452722]
 [0.47521046 0.09942182 0.06885849 0.20917529 0.08508798 0.06224596]
 [0.09128906 0.15565204 0.25208102 0.12427594 0.14824935 0.22845259]
 [0.11018277 0.17234878 0.22552021 0.1149792  0.16231678 0.21465225]]
LL:-8.829390
Test: output4
Output:
Input:
X: [[0.28604637 0.32755764 0.4466824  0.09922639]
 [0.34559633 0.76016479 0.         0.        ]
 [0.         0.         0.32730415 0.        ]
 [0.         0.         0.13863883 0.84383225]
 [0.9094874  0.92947319 0.         0.68769705]
 [0.20647564 0.13510424 0.         0.63362651]
 [0.         0.         0.8959924  0.54559729]
 [0.52166479 0.79412217 0.8396427  0.89290657]
 [0.         0.         0.         0.        ]
 [0.         0.0813159  0.         0.        ]
 [0.         0.65178812 0.91160172 0.79779319]
 [0.         0.55635546 0.22001    0.95591616]
 [0.59128848 0.         0.0080049  0.        ]
 [0.         0.         0.39902143 0.71531438]
 [0.78295814 0.25491785 0.         0.54038596]
 [0.         0.92194609 0.         0.        ]
 [0.05566741 0.63232958 0.88106838 0.        ]
 [0.         0.95061064 0.77482698 0.        ]
 [0.         0.         0.         0.50395583]]
K: 5
Mu: [[0.         0.         0.8959924  0.54559729]
 [0.20647564 0.13510424 0.         0.63362651]
 [0.05566741 0.63232958 0.88106838 0.        ]
 [0.59128848 0.         0.0080049  0.        ]
 [0.         0.95061064 0.77482698 0.        ]]
Var: [0.25761959 0.1741687  0.26138048 0.25250591 0.30573948]
P: [0.18876464 0.19899128 0.19769942 0.20566181 0.20888285]
Output:
post:[[0.147125   0.23401551 0.24350023 0.23631771 0.13904155]
 [0.09832999 0.18285579 0.32419717 0.1195429  0.27507415]
 [0.14481785 0.25572627 0.15689123 0.24396752 0.19859713]
 [0.13283959 0.62465526 0.04426778 0.12609372 0.07214365]
 [0.09906733 0.20404684 0.23830017 0.17862433 0.27996133]
 [0.24589278 0.53275097 0.07969165 0.10246772 0.03919688]
 [0.41239533 0.06275807 0.24077886 0.05335282 0.23071492]
 [0.28617844 0.11395652 0.29072738 0.03545453 0.27368313]
 [0.18876464 0.19899128 0.19769942 0.20566181 0.20888285]
 [0.23384574 0.30117132 0.13778604 0.25727838 0.06991852]
 [0.37047858 0.07179095 0.28937188 0.02606873 0.24228986]
 [0.14088553 0.63632701 0.06614713 0.07879195 0.07784838]
 [0.0425562  0.39493282 0.05376592 0.43076783 0.07797724]
 [0.24181086 0.39997152 0.10270567 0.12313055 0.13238139]
 [0.15618314 0.39810541 0.0944974  0.29980584 0.05140822]
 [0.07643413 0.08625008 0.35236501 0.08135133 0.40359945]
 [0.19473003 0.04006344 0.43641662 0.02713203 0.30165787]
 [0.0827914  0.0202914  0.40955126 0.02852325 0.45884268]
 [0.23763252 0.2912873  0.15251516 0.15868891 0.15987611]]
LL:-28.023858
Test: output5
Output:
Input:
X: [[0.03607176 0.34919413 0.49374946]
 [0.         0.51621772 0.46121739]
 [0.98863494 0.67620544 0.26661324]
 [0.68586578 0.09676183 0.36384933]
 [0.32113103 0.19796257 0.19240364]
 [0.87043046 0.58798967 0.51572074]
 [0.4227744  0.09264928 0.35576093]
 [0.08709108 0.41790234 0.26447956]
 [0.14638905 0.40136244 0.97780356]
 [0.12234617 0.15660513 0.46291834]
 [0.6945207  0.5530613  0.72520283]
 [0.64959975 0.62063631 0.85747045]
 [0.58850739 0.55132994 0.23201397]
 [0.20822502 0.14444125 0.        ]
 [0.18624299 0.14566214 0.38361234]
 [0.04898801 0.65740665 0.        ]
 [0.35802106 0.56241019 0.69189519]]
K: 4
Mu: [[0.14638905 0.40136244 0.97780356]
 [0.98863494 0.67620544 0.26661324]
 [0.6945207  0.5530613  0.72520283]
 [0.20822502 0.14444125 0.        ]]
Var: [0.18759069 0.22762511 0.13995457 0.15948664]
P: [0.32495494 0.20311294 0.21705252 0.2548796 ]
Output:
post:[[0.47273163 0.04131809 0.1440019  0.34194838]
 [0.24641703 0.23292103 0.36106299 0.15959896]
 [0.03607551 0.52624071 0.38266559 0.05501819]
 [0.13996805 0.19045022 0.32844786 0.34113387]
 [0.12672595 0.08347426 0.11569486 0.67410493]
 [0.0933898  0.28481539 0.57836269 0.04343212]
 [0.1978888  0.09442046 0.20109652 0.50659422]
 [0.24253919 0.06442439 0.11576686 0.57726956]
 [0.75334115 0.02068223 0.19575012 0.03022651]
 [0.37885604 0.04121313 0.12953379 0.45039703]
 [0.2116927  0.14004926 0.61598378 0.03227427]
 [0.27341983 0.10632263 0.60337098 0.01688656]
 [0.10752434 0.26840728 0.35349751 0.27057087]
 [0.40750383 0.03565419 0.10398041 0.45286157]
 [0.28001922 0.05099512 0.128701   0.54028466]
 [0.56058066 0.05067369 0.13305403 0.25569162]
 [0.41562445 0.07958513 0.42976122 0.0750292 ]]
LL:-18.528157
Test: output6
Output:
Input:
X: [[0.         0.        ]
 [0.         0.        ]
 [0.         0.        ]
 [0.         0.        ]
 [0.         0.        ]
 [0.         0.        ]
 [0.         0.        ]
 [0.37650625 0.        ]
 [0.         0.        ]
 [0.         0.        ]
 [0.         0.06192181]
 [0.         0.        ]
 [0.         0.        ]]
K: 7
Mu: [[-0.35471741 -0.12788849]
 [-0.13476823  0.16755478]
 [-0.86020637  0.21949786]
 [ 0.11158315 -0.2977938 ]
 [ 0.60694176 -0.99397774]
 [ 0.49638131 -0.85996045]
 [ 0.28294746 -0.58556097]]
Var: [0.08757211 0.03182327 0.42353461 0.05435242 0.67094096 0.48828283
 0.21166455]
P: [0.15212903 0.15741054 0.14736002 0.11445042 0.15238293 0.12721257
 0.14905448]
Output:
post:[[0.15212903 0.15741054 0.14736002 0.11445042 0.15238293 0.12721257
  0.14905448]
 [0.15212903 0.15741054 0.14736002 0.11445042 0.15238293 0.12721257
  0.14905448]
 [0.15212903 0.15741054 0.14736002 0.11445042 0.15238293 0.12721257
  0.14905448]
 [0.15212903 0.15741054 0.14736002 0.11445042 0.15238293 0.12721257
  0.14905448]
 [0.15212903 0.15741054 0.14736002 0.11445042 0.15238293 0.12721257
  0.14905448]
 [0.15212903 0.15741054 0.14736002 0.11445042 0.15238293 0.12721257
  0.14905448]
 [0.15212903 0.15741054 0.14736002 0.11445042 0.15238293 0.12721257
  0.14905448]
 [0.02406099 0.01439115 0.03688893 0.25511006 0.17722548 0.17779579
  0.31452759]
 [0.15212903 0.15741054 0.14736002 0.11445042 0.15238293 0.12721257
  0.14905448]
 [0.15212903 0.15741054 0.14736002 0.11445042 0.15238293 0.12721257
  0.14905448]
 [0.23174861 0.41005912 0.12176682 0.08267529 0.0448826  0.04222494
  0.06664261]
 [0.15212903 0.15741054 0.14736002 0.11445042 0.15238293 0.12721257
  0.14905448]
 [0.15212903 0.15741054 0.14736002 0.11445042 0.15238293 0.12721257
  0.14905448]]
LL:-1.237920


********************************************************************

MSTEP


Correct output:
Input:
X: [[2. 4. 5. ... 4. 2. 4.]
 [1. 3. 4. ... 3. 0. 3.]
 [3. 5. 0. ... 3. 4. 0.]
 ...
 [5. 3. 0. ... 3. 5. 4.]
 [2. 3. 0. ... 5. 0. 0.]
 [3. 0. 0. ... 3. 0. 3.]]
Mu: [[-0.80579745  0.67588981 -0.80780318  0.95291893 -0.0626976   0.95352218
   0.20969104  0.47852716 -0.92162442 -0.43438607 -0.75960688 -0.4077196
  -0.76254456 -0.36403364 -0.17147401 -0.87170501  0.38494424  0.13320291
  -0.46922102  0.04649611 -0.81211898  0.15189299  0.8585924  -0.3628621
   0.33482076 -0.73640428  0.43265441 -0.42118781 -0.63361728  0.17302587
  -0.95978491  0.65788006 -0.99060905  0.35563307 -0.45998405  0.47038804]
 [ 0.92437709 -0.50249371  0.15231467  0.18408386  0.14450381 -0.55383673
   0.90549802 -0.10574924  0.69281734  0.39895855 -0.4051261   0.62759564
  -0.20698852  0.76220639  0.16254575  0.76347072  0.38506318  0.45050856
   0.00264876  0.91216727  0.2879804  -0.1522899   0.21278643 -0.9616136
  -0.39685037  0.32034707 -0.41984479  0.23603086 -0.1424626  -0.72905187
  -0.40343535  0.13992982  0.18174552  0.1486505   0.30640164  0.30420654]]
K: 2
post:[[0.43418691 0.56581309]
 [0.52521691 0.47478309]
 [0.39610605 0.60389395]
 [0.32917129 0.67082871]
 [0.7153587  0.2846413 ]
 [0.59951013 0.40048987]
 [0.38030858 0.61969142]
 [0.44912526 0.55087474]
 [0.02370719 0.97629281]
 [0.47213411 0.52786589]
 [0.55047309 0.44952691]
 [0.37155893 0.62844107]
 [0.15599464 0.84400536]
 [0.13175585 0.86824415]
 [0.55722649 0.44277351]
 [0.25467687 0.74532313]
 [0.44520528 0.55479472]
 [0.02952397 0.97047603]
 [0.49803167 0.50196833]
 [0.58056498 0.41943502]
 [0.45133699 0.54866301]
 [0.92053184 0.07946816]
 [0.49855274 0.50144726]
 [0.62003262 0.37996738]
 [0.46445322 0.53554678]
 [0.56522377 0.43477623]
 [0.90641685 0.09358315]
 [0.56424771 0.43575229]
 [0.72055205 0.27944795]
 [0.65609528 0.34390472]
 [0.59020864 0.40979136]
 [0.82607833 0.17392167]
 [0.3477441  0.6522559 ]]
Output:
Mu: [[3.53162741 3.6748473  3.9759755  3.45370958 3.8008092  3.7733913
  3.85593062 3.89326771 3.91092966 3.9239507  4.03777538 3.83217966
  3.54926155 3.59040243 3.58355266 3.43232952 3.81496564 3.66189157
  3.60734369 3.85686273 3.82554477 3.96335373 3.64985243 3.89208143
  3.99971012 3.71984898 3.30438117 3.5298734  3.81919097 2.96419876
  3.70156056 3.88719678 3.62173912 3.86828322 3.95426438 3.88642264]
 [3.31054003 3.76038323 3.63550775 3.04156335 3.87735873 3.80912846
  3.73186432 4.01106405 3.85168698 3.44669611 3.9627543  3.8344115
  3.63389477 3.50817988 3.45981734 3.47578916 3.97785621 3.55067041
  3.80692371 3.99041455 3.89986666 4.12572231 3.40788236 3.72183376
  4.00029395 3.5064034  3.41221426 3.33566486 3.80191824 3.03462194
  3.82139677 4.09015403 3.59644227 3.88112641 4.04803705 4.02136671]]
Var: [0.96833845 0.98603321]
P: [0.4857973 0.5142027]
Test: output0
Output:
Input:
X: [[0.85794562 0.84725174]
 [0.6235637  0.38438171]
 [0.29753461 0.05671298]
 [0.27265629 0.47766512]
 [0.81216873 0.47997717]
 [0.3927848  0.83607876]
 [0.33739616 0.64817187]
 [0.36824154 0.95715516]
 [0.14035078 0.87008726]
 [0.47360805 0.80091075]
 [0.52047748 0.67887953]
 [0.72063265 0.58201979]
 [0.53737323 0.75861562]
 [0.10590761 0.47360042]
 [0.18633234 0.73691818]]
K: 6
post:[[0.15765074 0.20544344 0.17314824 0.15652173 0.12169798 0.18553787]
 [0.1094766  0.22310587 0.24109142 0.0959303  0.19807563 0.13232018]
 [0.22679645 0.36955206 0.02836173 0.03478709 0.00807236 0.33243031]
 [0.16670188 0.18637975 0.20964608 0.17120102 0.09886116 0.16721011]
 [0.04250305 0.22996176 0.05151538 0.33947585 0.18753121 0.14901275]
 [0.09799086 0.28677458 0.16895715 0.21054678 0.0069597  0.22877093]
 [0.16764519 0.16897033 0.25848053 0.18674186 0.09846462 0.11969746]
 [0.28655211 0.02473762 0.27387452 0.27546459 0.08641467 0.05295649]
 [0.11353057 0.13090863 0.20522811 0.15786368 0.35574052 0.03672849]
 [0.10510461 0.08116927 0.3286373  0.12745369 0.23464272 0.12299241]
 [0.09757735 0.06774952 0.40286261 0.08481828 0.1206645  0.22632773]
 [0.24899344 0.02944918 0.25413459 0.02914503 0.29614373 0.14213403]
 [0.35350682 0.21890411 0.26755234 0.01418274 0.10235276 0.04350123]
 [0.15555757 0.06236572 0.16703133 0.21760554 0.03369562 0.36374421]
 [0.1917808  0.08982788 0.17710673 0.03179658 0.19494387 0.31454414]]
Output:
Mu: [[0.43216722 0.64675402]
 [0.46139681 0.57129172]
 [0.44658753 0.68978041]
 [0.44913747 0.66937822]
 [0.47080526 0.68008664]
 [0.40532311 0.57364425]]
Var: [0.25 0.25 0.25 0.25 0.25 0.25]
P: [0.1680912  0.15835331 0.21384187 0.14223565 0.14295074 0.17452722]
Test: output1
Output:
Input:
X: [[0.35715888 0.47027413 0.91955871 0.72023844]
 [0.99715563 0.7122237  0.94417126 0.87623822]
 [0.37328886 0.60890334 0.60185589 0.03836442]
 [0.14197566 0.89622167 0.02267318 0.54756629]
 [0.13241656 0.29641536 0.26973114 0.77293094]
 [0.4876553  0.27307753 0.86677564 0.4274317 ]
 [0.78147973 0.47010111 0.99336583 0.67244312]
 [0.06980444 0.74695941 0.99473081 0.89899695]
 [0.02777269 0.9364615  0.29005995 0.00613568]
 [0.70566458 0.35167862 0.54682281 0.28632718]
 [0.08754287 0.18772507 0.40094546 0.43205675]
 [0.12715337 0.64874911 0.64848335 0.12128498]
 [0.38721973 0.03010087 0.26090315 0.16927378]
 [0.03601733 0.63609276 0.43622756 0.81959097]
 [0.80919388 0.81931997 0.42086624 0.22667189]
 [0.71907802 0.03191602 0.43259324 0.00139017]
 [0.19115711 0.00814418 0.47414122 0.49284029]
 [0.72675064 0.26361916 0.81982471 0.49740318]]
K: 8
post:[[0.03507696 0.16407103 0.15170691 0.13295503 0.17694262 0.02824182
  0.12692046 0.18408517]
 [0.09210375 0.13479573 0.15114371 0.08826403 0.18020612 0.13284538
  0.14739573 0.07324556]
 [0.03569234 0.2227346  0.18916605 0.05578631 0.04648775 0.19271568
  0.05221321 0.20520406]
 [0.11647034 0.00322639 0.17967227 0.08651951 0.08485174 0.14219746
  0.2208041  0.1662582 ]
 [0.1930748  0.03962581 0.14340782 0.11270736 0.16678227 0.14099414
  0.04323237 0.16017542]
 [0.00462595 0.08541623 0.37394434 0.44216304 0.04967088 0.02927834
  0.00673787 0.00816334]
 [0.0988278  0.03433644 0.18337976 0.19998975 0.06287404 0.11928177
  0.16839406 0.13291638]
 [0.12525176 0.04004974 0.02917638 0.19732748 0.21915066 0.01529359
  0.17514537 0.19860503]
 [0.10538441 0.0540859  0.16761791 0.13291657 0.15037709 0.17578361
  0.06118103 0.15265347]
 [0.08872138 0.11491117 0.21704383 0.10290751 0.14272522 0.16891217
  0.1484691  0.01630962]
 [0.09789242 0.1472172  0.06689256 0.05114264 0.0568865  0.22956231
  0.15129711 0.19910925]
 [0.06777589 0.12441367 0.09594205 0.14630618 0.1612324  0.16174125
  0.1608598  0.08172876]
 [0.18302559 0.18396979 0.06146443 0.0105287  0.31097009 0.06028577
  0.07289668 0.11685896]
 [0.07804227 0.206984   0.06798452 0.21423328 0.14676737 0.16680807
  0.08211418 0.03706631]
 [0.00426044 0.02914249 0.10213924 0.19543871 0.05695509 0.18587238
  0.30170144 0.12449022]
 [0.07451312 0.05261464 0.10212732 0.09083614 0.16102042 0.28934287
  0.05007508 0.17947041]
 [0.18121395 0.07515291 0.22999915 0.22604231 0.14921081 0.05085828
  0.0681173  0.0194053 ]
 [0.17253797 0.20156906 0.17669167 0.05876607 0.02999992 0.08680911
  0.19239402 0.08123217]]
Output:
Mu: [[0.35422879 0.40293044 0.52874022 0.48395235]
 [0.3998326  0.42245976 0.6077228  0.43332342]
 [0.43810892 0.44484666 0.6013145  0.4320261 ]
 [0.38893904 0.47727675 0.64171393 0.48850045]
 [0.36177754 0.44286282 0.55858151 0.46044165]
 [0.41537871 0.47742402 0.50284556 0.36325548]
 [0.44858336 0.54519051 0.5868847  0.47336988]
 [0.35779836 0.50010586 0.55409799 0.43099944]]
Var: [0.25 0.25 0.25 0.25 0.25 0.25 0.25 0.25]
P: [0.09747173 0.10635093 0.14941666 0.14137948 0.13072839 0.13204578
 0.12388605 0.11872098]
Test: output2
Output:
Input:
X: [[0.67857477 0.7872258  0.28207169 0.14333989]
 [0.52170243 0.25457114 0.12316654 0.72295267]
 [0.66161402 0.39921513 0.28042278 0.81905866]
 [0.75879873 0.55440847 0.53059462 0.50747321]
 [0.34528491 0.83235009 0.91804013 0.33615709]
 [0.81474875 0.7081391  0.72951444 0.54985743]
 [0.84281956 0.22164781 0.05439661 0.96317119]
 [0.53395926 0.47278776 0.43565928 0.79411994]
 [0.79113948 0.28419129 0.1933218  0.41419209]
 [0.63799169 0.25406035 0.39953204 0.72496758]
 [0.56993782 0.21754791 0.15525013 0.30380721]
 [0.6187792  0.45771528 0.78983452 0.15967818]]
K: 4
post:[[0.20792574 0.33407434 0.35953514 0.09846477]
 [0.18647939 0.31515135 0.24501854 0.25335072]
 [0.38808217 0.3377248  0.2387107  0.03548233]
 [0.14023611 0.31186381 0.24441128 0.3034888 ]
 [0.32164093 0.09581647 0.29553932 0.28700327]
 [0.21391514 0.14137936 0.28228961 0.36241589]
 [0.13947712 0.37707079 0.41277529 0.07067681]
 [0.44575357 0.14923049 0.07480228 0.33021367]
 [0.25826674 0.12682163 0.17195482 0.44295681]
 [0.27433679 0.45980424 0.07861646 0.18724251]
 [0.24942602 0.25185414 0.27733457 0.22138527]
 [0.16470415 0.32147663 0.19028381 0.3235354 ]]
Output:
Mu: [[0.62399161 0.46064446 0.41679483 0.56037209]
 [0.66198787 0.41577555 0.36343727 0.56356663]
 [0.66070805 0.47547925 0.3895523  0.5233297 ]
 [0.64442709 0.46685509 0.46494615 0.49534782]]
Var: [0.25 0.25 0.25 0.25]
P: [0.24918699 0.26852234 0.23927265 0.24301802]

Correct output:
Input:
X: [[0.85794562 0.84725174]
 [0.6235637  0.38438171]
 [0.29753461 0.05671298]
 [0.         0.47766512]
 [0.         0.        ]
 [0.3927848  0.        ]
 [0.         0.64817187]
 [0.36824154 0.        ]
 [0.         0.87008726]
 [0.47360805 0.        ]
 [0.         0.        ]
 [0.         0.        ]
 [0.53737323 0.75861562]
 [0.10590761 0.        ]
 [0.18633234 0.        ]]
K: 6
post:[[0.15765074 0.20544344 0.17314824 0.15652173 0.12169798 0.18553787]
 [0.1094766  0.22310587 0.24109142 0.0959303  0.19807563 0.13232018]
 [0.22679645 0.36955206 0.02836173 0.03478709 0.00807236 0.33243031]
 [0.16670188 0.18637975 0.20964608 0.17120102 0.09886116 0.16721011]
 [0.04250305 0.22996176 0.05151538 0.33947585 0.18753121 0.14901275]
 [0.09799086 0.28677458 0.16895715 0.21054678 0.0069597  0.22877093]
 [0.16764519 0.16897033 0.25848053 0.18674186 0.09846462 0.11969746]
 [0.28655211 0.02473762 0.27387452 0.27546459 0.08641467 0.05295649]
 [0.11353057 0.13090863 0.20522811 0.15786368 0.35574052 0.03672849]
 [0.10510461 0.08116927 0.3286373  0.12745369 0.23464272 0.12299241]
 [0.09757735 0.06774952 0.40286261 0.08481828 0.1206645  0.22632773]
 [0.24899344 0.02944918 0.25413459 0.02914503 0.29614373 0.14213403]
 [0.35350682 0.21890411 0.26755234 0.01418274 0.10235276 0.04350123]
 [0.15555757 0.06236572 0.16703133 0.21760554 0.03369562 0.36374421]
 [0.1917808  0.08982788 0.17710673 0.03179658 0.19494387 0.31454414]]
Output:
Mu: [[0.41970858 0.57419602]
 [0.46514641 0.50509648]
 [0.45167656 0.64343368]
 [0.41703438 0.87008726]
 [0.36824154 0.        ]
 [0.35384957 0.44162885]]
Var: [0.25       0.25       0.25       0.25       0.28690463 0.25      ]
P: [0.1680912  0.15835331 0.21384187 0.14223565 0.14295074 0.17452722]


Correct output:
Input:
X: [[0.97057607 0.23965268]
 [0.6719088  0.        ]
 [0.97951078 0.32046905]
 [0.5879251  0.        ]
 [0.         0.95258902]
 [0.         0.        ]
 [0.46120321 0.        ]
 [0.         0.        ]
 [0.         0.        ]
 [0.         0.41528806]
 [0.54819032 0.        ]]
K: 5
post:[[0.11209997 0.06961755 0.30173412 0.16812821 0.34842014]
 [0.04450801 0.12209037 0.26551814 0.30134896 0.26653452]
 [0.10100147 0.34486255 0.2166208  0.22130398 0.11621119]
 [0.03745738 0.2411637  0.13584704 0.35995272 0.22557916]
 [0.21645964 0.26845908 0.15553528 0.17461553 0.18493047]
 [0.4832334  0.0166697  0.05740243 0.41596204 0.02673244]
 [0.32610403 0.14211143 0.11174741 0.25784375 0.16219339]
 [0.291663   0.22921708 0.09942144 0.3070474  0.07265108]
 [0.25125741 0.21863372 0.08091467 0.28222333 0.16697086]
 [0.04046758 0.18054389 0.2989046  0.19070597 0.28937797]
 [0.00099463 0.22727602 0.34239789 0.30377468 0.12555678]]
Output:
Mu: [[0.         0.        ]
 [0.71423836 0.95258902]
 [0.72972771 0.        ]
 [0.66951858 0.41528806]
 [0.72908441 0.        ]]
Var: [0.48106979 0.25       0.25       0.25       0.25      ]
P: [0.17320423 0.18733137 0.18782217 0.27117333 0.18046891]


Correct output:
Input:
X: [[0.23991061 0.57584666 0.17549616 0.67801447]
 [0.41139433 0.58503281 0.74305367 0.        ]
 [0.80169593 0.68445215 0.94939594 0.18295108]
 [0.12343007 0.97944062 0.79744657 0.83058668]
 [0.99908648 0.34729518 0.66757086 0.75302579]
 [0.12037023 0.69866466 0.88356393 0.72551085]
 [0.8319233  0.39566578 0.63866539 0.24437294]
 [0.87534336 0.74661563 0.17451309 0.00319834]
 [0.11498835 0.50375128 0.36319538 0.98456738]
 [0.19785337 0.85527582 0.61793046 0.52123678]
 [0.26554898 0.95467404 0.00616052 0.26136036]
 [0.02015593 0.57598286 0.06468803 0.86657592]
 [0.49262792 0.92547514 0.         0.03158276]
 [0.76582215 0.12211547 0.         0.16561742]
 [0.08154166 0.         0.97846585 0.43870395]
 [0.44223947 0.96085515 0.6564924  0.88281884]
 [0.         0.29808995 0.60303696 0.        ]
 [0.74970074 0.78362355 0.46334249 0.7576569 ]
 [0.97482287 0.69222147 0.64418505 0.21545555]]
K: 9
post:[[0.09042413 0.10950884 0.05630939 0.13515691 0.04119069 0.1591367
  0.09655832 0.13731299 0.17440204]
 [0.07400939 0.13877501 0.1184799  0.16434215 0.03166916 0.02136597
  0.16954294 0.13803944 0.14377605]
 [0.16576815 0.05762312 0.11076317 0.12494182 0.01997179 0.11592224
  0.14660068 0.12037655 0.13803248]
 [0.10702017 0.172747   0.0660983  0.23676395 0.20194552 0.04720252
  0.00086509 0.03110219 0.13625527]
 [0.07619842 0.2065623  0.04150965 0.17943692 0.12964185 0.10935551
  0.05571219 0.20029068 0.00129248]
 [0.0696832  0.00537392 0.153567   0.01724695 0.23104414 0.13134313
  0.24674769 0.13657347 0.00842051]
 [0.19982408 0.03186329 0.1988939  0.04321414 0.02127646 0.01975708
  0.25530867 0.11446994 0.11539245]
 [0.17442459 0.11917345 0.16025861 0.00791107 0.05411244 0.10946965
  0.09630494 0.13609361 0.14225164]
 [0.09489608 0.15517392 0.19965117 0.14177224 0.13193402 0.04412694
  0.16377547 0.04429177 0.0243784 ]
 [0.20981868 0.0641612  0.08686944 0.04598472 0.23679216 0.00514071
  0.20692108 0.04138583 0.10292618]
 [0.06111766 0.23312358 0.13182179 0.06431897 0.13562679 0.10773538
  0.0422289  0.04858107 0.17544586]
 [0.13846701 0.09752586 0.08915101 0.13965105 0.18724745 0.09673261
  0.02552835 0.12526515 0.10043152]
 [0.0387602  0.14202679 0.06146989 0.16682998 0.15751473 0.09120719
  0.15842398 0.01069674 0.1730705 ]
 [0.0747158  0.10138915 0.14891209 0.11693539 0.15156158 0.12978529
  0.09660925 0.14860141 0.03149005]
 [0.01902857 0.03492642 0.23651696 0.01910795 0.08716174 0.16388458
  0.23738411 0.02753321 0.17445646]
 [0.16371207 0.11150469 0.12118635 0.02963129 0.15338581 0.1280753
  0.00064427 0.17377388 0.11808634]
 [0.13038398 0.1597284  0.12302154 0.14557424 0.04949172 0.13283563
  0.04600817 0.13010146 0.08285486]
 [0.16009369 0.05625698 0.14147005 0.0730017  0.0520721  0.1138576
  0.11841763 0.11255759 0.17227266]
 [0.14410714 0.02243039 0.12199408 0.17392854 0.05140468 0.09904127
  0.16106918 0.11516113 0.11086358]]
Output:
Mu: [[0.52563438 0.6578652  0.54318332 0.50070555]
 [0.45531417 0.65489036 0.47654048 0.52867458]
 [0.46506797 0.62770536 0.5729858  0.48414726]
 [0.48379623 0.62766222 0.56166121 0.53776312]
 [0.35933326 0.69586839 0.55327889 0.57499582]
 [0.48190835 0.63468111 0.54797928 0.49419381]
 [0.47465686 0.62865751 0.64079107 0.44050814]
 [0.56092456 0.59171185 0.55260301 0.5256374 ]
 [0.45815312 0.72259102 0.52740368 0.4468725 ]]
Var: [0.25 0.25 0.25 0.25 0.25 0.25 0.25 0.25 0.25]
P: [0.11539226 0.10630917 0.12462865 0.10661842 0.11184446 0.09610396
 0.12235005 0.10485306 0.11189996]

 Correct output:
Input:
X: [[0.         0.        ]
 [0.         0.        ]
 [0.         0.        ]
 [0.         0.78440316]
 [0.         0.        ]
 [0.         0.        ]
 [0.         0.        ]
 [0.         0.        ]
 [0.         0.92635056]
 [0.         0.        ]
 [0.99371734 0.        ]
 [0.         0.        ]
 [0.         0.22873201]
 [0.30139437 0.0254612 ]
 [0.         0.        ]
 [0.         0.        ]]
K: 7
post:[[0.18087473 0.24718678 0.09583855 0.16630951 0.10363747 0.14471141
  0.06144155]
 [0.0715612  0.11331129 0.266141   0.17508765 0.0632445  0.17927014
  0.13138422]
 [0.13138589 0.03991677 0.15347477 0.20608679 0.10276399 0.27107837
  0.09529343]
 [0.08748244 0.21756407 0.21179396 0.11225812 0.19547857 0.12534434
  0.05007849]
 [0.11928862 0.01007727 0.36551407 0.06169122 0.22855997 0.10636187
  0.10850699]
 [0.09566043 0.2101058  0.26194593 0.01144316 0.04050058 0.06190623
  0.31843787]
 [0.08926403 0.2205228  0.08970513 0.11717411 0.19666201 0.21399761
  0.07267431]
 [0.18700039 0.08008547 0.20595954 0.06442584 0.0448597  0.2234025
  0.19426654]
 [0.03736509 0.01290669 0.18736175 0.21043259 0.23057742 0.19655738
  0.12479907]
 [0.00872333 0.02436917 0.31127329 0.19883927 0.02945043 0.17024518
  0.25709933]
 [0.23393334 0.18204334 0.0856283  0.15904873 0.06621391 0.07485107
  0.19828131]
 [0.25016445 0.14665251 0.08854434 0.09280589 0.22934286 0.0990212
  0.09346875]
 [0.18933476 0.26655145 0.00101475 0.01486733 0.24412175 0.02442864
  0.25968131]
 [0.12241087 0.07260424 0.14097561 0.09659301 0.15339673 0.30164228
  0.11237726]
 [0.13710918 0.08155589 0.01999598 0.20637933 0.32412901 0.01620256
  0.21462806]
 [0.21388074 0.26672411 0.02399897 0.14577048 0.00246765 0.17518056
  0.17197748]]
Output:
Mu: [[-0.27721295  0.78533003]
 [-0.93205529 -0.80283986]
 [ 0.28337606  0.91828651]
 [-0.50767488 -0.16077217]
 [ 0.44609991 -0.88026121]
 [ 0.69777441 -0.88209923]
 [ 0.89803737  0.37828203]]
Var: [0.69226776 2.0694051  0.25       1.12547181 1.67123111 1.29188677
 0.25      ]
P: [0.13471497 0.1370111  0.15682287 0.12745082 0.14096291 0.14901258
 0.15402475]

 ************************************************************

 missing entries


Test: netflix
Output:
Input:
X: [[2. 4. 5. ... 4. 2. 4.]
 [1. 3. 4. ... 3. 0. 3.]
 [3. 5. 0. ... 3. 4. 0.]
 ...
 [5. 3. 0. ... 3. 5. 4.]
 [2. 3. 0. ... 5. 0. 0.]
 [3. 0. 0. ... 3. 0. 3.]]
K: 2
Mu: [[-0.80579745  0.67588981 -0.80780318  0.95291893 -0.0626976   0.95352218
   0.20969104  0.47852716 -0.92162442 -0.43438607 -0.75960688 -0.4077196
  -0.76254456 -0.36403364 -0.17147401 -0.87170501  0.38494424  0.13320291
  -0.46922102  0.04649611 -0.81211898  0.15189299  0.8585924  -0.3628621
   0.33482076 -0.73640428  0.43265441 -0.42118781 -0.63361728  0.17302587
  -0.95978491  0.65788006 -0.99060905  0.35563307 -0.45998405  0.47038804]
 [ 0.92437709 -0.50249371  0.15231467  0.18408386  0.14450381 -0.55383673
   0.90549802 -0.10574924  0.69281734  0.39895855 -0.4051261   0.62759564
  -0.20698852  0.76220639  0.16254575  0.76347072  0.38506318  0.45050856
   0.00264876  0.91216727  0.2879804  -0.1522899   0.21278643 -0.9616136
  -0.39685037  0.32034707 -0.41984479  0.23603086 -0.1424626  -0.72905187
  -0.40343535  0.13992982  0.18174552  0.1486505   0.30640164  0.30420654]]
Var: [11.52196427 10.0528577 ]
P: [0.4857973 0.5142027]
Output:
X_pred:[[ 2.          4.          5.         ...  4.          2.
   4.        ]
 [ 1.          3.          4.         ...  3.          0.09976276
   3.        ]
 [ 3.          5.         -0.12735174 ...  3.          4.
   0.35261246]
 ...
 [ 5.          3.         -0.01329131 ...  3.          5.
   4.        ]
 [ 2.          3.         -0.02552181 ...  5.          0.16444893
   0.33498728]
 [ 3.         -0.40464248  0.0725879  ...  3.          0.2427621
   3.        ]]
Test: output0
Output:
Input:
X: [[0.85794562 0.84725174]
 [0.6235637  0.38438171]
 [0.29753461 0.05671298]
 [0.         0.47766512]
 [0.         0.        ]
 [0.3927848  0.        ]
 [0.         0.64817187]
 [0.36824154 0.        ]
 [0.         0.87008726]
 [0.47360805 0.        ]
 [0.         0.        ]
 [0.         0.        ]
 [0.53737323 0.75861562]
 [0.10590761 0.        ]
 [0.18633234 0.        ]]
K: 6
Mu: [[0.6235637  0.38438171]
 [0.3927848  0.        ]
 [0.         0.        ]
 [0.         0.87008726]
 [0.36824154 0.        ]
 [0.10590761 0.        ]]
Var: [0.16865269 0.14023295 0.1637321  0.3077471  0.13718238 0.14220473]
P: [0.1680912  0.15835331 0.21384187 0.14223565 0.14295074 0.17452722]
Output:
X_pred:[[0.85794562 0.84725174]
 [0.6235637  0.38438171]
 [0.29753461 0.05671298]
 [0.28510109 0.47766512]
 [0.23813851 0.18836861]
 [0.3927848  0.15145129]
 [0.28675542 0.64817187]
 [0.36824154 0.14957025]
 [0.2518095  0.87008726]
 [0.47360805 0.15911262]
 [0.23813851 0.18836861]
 [0.23813851 0.18836861]
 [0.53737323 0.75861562]
 [0.10590761 0.14322076]
 [0.18633234 0.14239418]]
Test: output1
Output:
Input:
X: [[0.12137338 0.36014508 0.        ]
 [0.97846201 0.15550701 0.35713836]
 [0.11170745 0.29208056 0.3343182 ]
 [0.         0.22561844 0.        ]
 [0.55659112 0.89311915 0.81861656]
 [0.8106424  0.7235294  0.81507028]
 [0.12590163 0.         0.18508499]
 [0.21525555 0.         0.02305294]
 [0.         0.78674228 0.        ]
 [0.28620346 0.         0.64920043]
 [0.00501144 0.         0.09763678]
 [0.         0.         0.31753512]
 [0.17244891 0.31886268 0.13413702]
 [0.         0.08853126 0.46450011]
 [0.         0.         0.        ]
 [0.64108323 0.18747928 0.        ]
 [0.         0.99991633 0.18866198]
 [0.         0.89519921 0.        ]
 [0.94426412 0.16030253 0.        ]]
K: 4
Mu: [[0.64108323 0.18747928 0.        ]
 [0.17244891 0.31886268 0.13413702]
 [0.         0.22561844 0.        ]
 [0.         0.         0.        ]]
Var: [0.1730306  0.10712709 0.14491285 0.17613256]
P: [0.1974209  0.24772517 0.22142923 0.3334247 ]
Output:
X_pred:[[0.12137338 0.36014508 0.05664675]
 [0.97846201 0.15550701 0.35713836]
 [0.11170745 0.29208056 0.3343182 ]
 [0.17350283 0.22561844 0.03949011]
 [0.55659112 0.89311915 0.81861656]
 [0.8106424  0.7235294  0.81507028]
 [0.12590163 0.19423798 0.18508499]
 [0.21525555 0.19149117 0.02305294]
 [0.19997705 0.78674228 0.0472199 ]
 [0.28620346 0.19261532 0.64920043]
 [0.00501144 0.18323474 0.09763678]
 [0.16869581 0.18189783 0.31753512]
 [0.17244891 0.31886268 0.13413702]
 [0.16896791 0.08853126 0.46450011]
 [0.16928317 0.16596116 0.03322912]
 [0.64108323 0.18747928 0.03656353]
 [0.20878994 0.99991633 0.18866198]
 [0.20776285 0.89519921 0.04509083]
 [0.94426412 0.16030253 0.0141385 ]]
Test: output2
Output:
Input:
X: [[0.31014441 0.56401615]
 [0.52842915 0.28498263]
 [0.         0.13523949]
 [0.71212005 0.22390429]
 [0.82146479 0.        ]
 [0.85366524 0.79391204]
 [0.91846988 0.29849531]
 [0.48006735 0.39235888]
 [0.94927041 0.86210261]
 [0.61677125 0.56022407]
 [0.20463222 0.19826416]]
K: 8
Mu: [[0.52842915 0.28498263]
 [0.48006735 0.39235888]
 [0.82146479 0.        ]
 [0.31014441 0.56401615]
 [0.71212005 0.22390429]
 [0.20463222 0.19826416]
 [0.94927041 0.86210261]
 [0.         0.13523949]]
Var: [0.08494538 0.08293404 0.1835122  0.12935535 0.10050244 0.1675609
 0.25591391 0.27979489]
P: [0.13022198 0.13868317 0.15084578 0.13556954 0.12122535 0.10790485
 0.13128698 0.08426236]
Output:
X_pred:[[0.31014441 0.56401615]
 [0.52842915 0.28498263]
 [0.51898884 0.13523949]
 [0.71212005 0.22390429]
 [0.82146479 0.32639737]
 [0.85366524 0.79391204]
 [0.91846988 0.29849531]
 [0.48006735 0.39235888]
 [0.94927041 0.86210261]
 [0.61677125 0.56022407]
 [0.20463222 0.19826416]]
Test: output3
Output:
Input:
X: [[0.         0.         0.55518049]
 [0.         0.64750173 0.        ]
 [0.         0.         0.        ]
 [0.         0.         0.        ]
 [0.64786488 0.         0.        ]
 [0.         0.         0.        ]
 [0.         0.         0.        ]
 [0.         0.         0.        ]
 [0.         0.         0.        ]
 [0.         0.         0.        ]
 [0.         0.         0.75371357]
 [0.         0.         0.39301268]
 [0.         0.         0.23833283]
 [0.         0.         0.        ]
 [0.69335435 0.         0.        ]
 [0.         0.09421558 0.        ]]
K: 5
Mu: [[0.         0.         0.        ]
 [0.         0.         0.        ]
 [0.         0.         0.55518049]
 [0.         0.         0.        ]
 [0.         0.         0.        ]]
Var: [0.05033698 0.05033698 0.10819615 0.05033698 0.05033698]
P: [0.20531302 0.2164675  0.1873431  0.19959269 0.19128369]
Output:
X_pred:[[0.         0.         0.55518049]
 [0.         0.64750173 0.32931224]
 [0.         0.         0.10400924]
 [0.         0.         0.10400924]
 [0.64786488 0.         0.32964694]
 [0.         0.         0.10400924]
 [0.         0.         0.10400924]
 [0.         0.         0.10400924]
 [0.         0.         0.10400924]
 [0.         0.         0.10400924]
 [0.         0.         0.75371357]
 [0.         0.         0.39301268]
 [0.         0.         0.23833283]
 [0.         0.         0.10400924]
 [0.69335435 0.         0.37141191]
 [0.         0.09421558 0.0785626 ]]